32782
18955
11238
7107
32787
18477
10803
6888
32778
18167
10594
6720
32782
18002
10442
6584
32791
17859
10297
6438
32791
17770
10200
6393
32789
17718
10128
6341
32784
17665
10072
6282
32784
17640
10041
6244
32787
17631
10024
6219
32784
17618
10009
6194
32785
17609
9990
6167
32790
17600
9970
6146
32796
17598
9972
6130
32794
17601
9963
6119
32782
17593
9962
6105
32777
17584
9946
6087
32789
17526
9884
6016
32786
17483
9831
5947
32768
17460
9817
5908
32784
17484
9823
5910
32787
17496
9837
5913
32788
17511
9848
5921
32769
17520
9863
5935
32793
17560
9907
5983
32793
17595
9949
6029
32797
17629
9988
6079
32784
17655
10024
6130
32780
17668
10044
6170
32788
17676
10054
6193
32785
17687
10071
6219
32785
17692
10081
6244
32787
17697
10086
6263
32791
17706
10096
6278
32777
17701
10097
6290
32790
17709
10102
6302
32794
17715
10107
6315
32783
17779
10179
6393
32788
17822
10230
6464
32783
17829
10245
6422
32775
17810
10225
6453
32789
17799
10215
6452
32782
17793
10206
6459
32791
17771
10193
6450
32780
17735
10143
6403
32788
17703
10104
6360
32786
17679
10073
6315
32775
17638
10032
6261
32779
17624
10010
6227
32785
17624
10001
6203
32778
17611
9988
6175
32771
17605
9978
6158
32783
17597
9966
6136
32768
17590
9964
6125
32774
17588
9958
6121
32768
17580
9956
6109
32780
17585
9943
6082
32789
17514
9876
6003
32780
17479
9839
5952
32787
17455
9802
5899
32791
17485
9822
5906
32782
17496
9837
5910
32778
17499
9842
5916
32779
17519
9865
5932
32783
17563
9910
5983
32780
17592
9950
6024
32814
17627
9988
6077
32783
17651
10020
6127
32783
17665
10038
6167
32778
17671
10050
6190
32772
17676
10065
6218
32775
17690
10077
6240
32779
17696
10088
6261
32783
17700
10092
6281
32771
17700
10092
6289
32775
17699
10098
6312
32779
17706
10102
6309
32782
17775
10178
6394
32777
17807
10219
6450
32788
17835
10248
6428
32811
17806
10218
6442
32800
17813
10225
6464
32770
17784
10203
6455
32788
17778
10197
6454
32785
17734
10143
6405
32783
17697
10102
6359
32768
17659
10071
6312
32779
17634
10030
6262
32768
17618
10009
6229
32768
17613
10000
6203
32775
17604
9987
6179
32778
17598
9976
6159
32782
17594
9969
6134
32779
17589
9969
6128
32776
17583
9952
6106
32772
17585
9948
6098
32774
17578
9943
6089
32778
17518
9876
6010
32778
17478
9830
5944
32789
17463
9809
5907
32774
17480
9824
5902
32773
17484
9826
5902
32779
17495
9836
5909
32780
17515
9861
5928
32783
17556
9901
5974
32780
17591
9946
6025
32781
17622
9979
6074
32768
17649
10018
6130
32770
17659
10042
6167
32780
17665
10053
6191
32773
17673
10060
6215
32772
17684
10073
6241
32775
17693
10084
6259
32786
17693
10093
6276
32774
17697
10093
6287
32780
17705
10100
6308
32784
17709
10106
6312
32779
17768
10169
6388
32783
17815
10227
6460
32799
17833
10246
6419
32777
17814
10230
6455
32774
17792
10215
6453
32772
17787
10209
6465
32781
17769
10188
6448
32786
17735
10148
6407
32783
17695
10106
6360
32789
17675
10082
6317
32777
17640
10032
6263
32786
17622
10011
6225
32787
17620
10004
6206
32787
17615
9989
6179
32779
17608
9981
6162
32768
17597
9967
6138
32777
17592
9967
6127
32787
17591
9959
6115
32786
17592
9962
6107
32784
17582
9951
6092
32789
17523
9886
6015
32792
17485
9836
5953
32784
17467
9812
5908
32785
17476
9825
5902
32798
17500
9838
5910
32784
17505
9843
5917
32781
17524
9869
5936
32775
17555
9901
5977
32785
17586
9942
6024
32791
17620
9979
6076
32785
17653
10022
6130
32785
17667
10039
6165
32786
17672
10047
6191
32783
17685
10068
6221
32779
17692
10075
6242
32785
17696
10088
6264
32788
17702
10093
6278
32777
17707
10094
6288
32792
17708
10099
6300
32772
17706
10102
6311
32785
17781
10176
6391
32788
17810
10218
6448
32814
17846
10256
6430
32786
17808
10220
6443
32790
17811
10223
6464
32786
17793
10208
6457
32787
17772
10194
6453
32787
17734
10142
6404
32787
17700
10106
6361
32793
17677
10073
6315
32786
17645
10033
6264
32790
17632
10009
6225
32796
17631
10011
6221
32784
17620
10003
6185
32777
17609
9983
6163
32774
17598
9968
6140
32784
17594
9962
6124
32788
17597
9967
6113
32777
17588
9954
6102
32793
17589
9949
6094
32786
17530
9895
6021
32785
17494
9838
5953
32791
17459
9808
5905
32803
17484
9823
5910
32788
17488
9825
5905
32776
17506
9843
5918
32790
17517
9854
5926
32785
17557
9904
5976
32793
17592
9944
6023
32779
17622
9982
6075
32793
17652
10022
6128
32790
17669
10042
6165
32783
17678
10050
6194
32780
17677
10064
6215
32768
17680
10079
6241
32789
17696
10084
6262
32780
17698
10093
6277
32778
17699
10088
6286
32779
17703
10099
6298
32783
17714
10107
6315
32777
17765
10167
6383
32783
17813
10221
6457
32769
17825
10239
6500
32788
17816
10234
6500
32794
17804
10221
6493
32780
17790
10213
6489
32792
17776
10192
6476
32781
17737
10149
6423
32779
17703
10109
6375
32784
17667
10070
6322
32778
17636
10033
6271
32790
17629
10014
6234
32780
17628
9998
6208
32790
17618
9994
6186
32776
17602
9978
6161
32781
17599
9971
6146
32785
17595
9967
6128
32768
17587
9969
6115
32768
17578
9951
6105
32779
17577
9943
6092
32775
17525
9882
6026
32786
17472
9822
5946
32779
17462
9807
5910
32788
17476
9814
5901
32781
17493
9834
5907
32772
17499
9841
5911
32782
17520
9862
5926
32784
17557
9903
5972
32779
17587
9943
6023
32768
17610
9969
6066
32768
17641
10014
6126
32773
17659
10039
6167
32771
17664
10046
6189
32774
17673
10060
6212
32772
17689
10078
6242
32768
17691
10093
6265
32784
17692
10092
6276
32776
17698
10094
6288
32778
17701
10099
6300
32800
17706
10106
6313
32772
17764
10168
6388
32773
17799
10208
6444
32783
17829
10243
6423
32771
17809
10222
6446
32778
17793
10213
6455
32768
17782
10205
6460
32782
17771
10192
6453
32782
17729
10144
6404
32770
17695
10107
6361
32780
17668
10066
6314
32776
17637
10034
6263
32790
17630
10008
6229
32768
17615
10002
6207
32775
17611
9990
6181
32774
17603
9980
6161
32771
17593
9967
6138
32773
17587
9960
6123
32776
17589
9956
6110
32782
17588
9966
6104
32780
17581
9948
6102
32772
17522
9886
6019
32776
17488
9843
5962
32775
17455
9802
5903
32778
17470
9818
5908
32775
17475
9824
5901
32768
17496
9841
5911
32785
17509
9849
5922
32815
17561
9903
5977
32779
17581
9936
6014
32770
17619
9978
6072
32822
17657
10021
6127
32774
17666
10041
6165
32773
17668
10045
6190
32786
17675
10061
6213
32780
17689
10075
6243
32780
17691
10087
6259
32770
17691
10090
6278
32776
17697
10096
6288
32791
17703
10103
6299
32782
17708
10107
6311
32773
17762
10163
6384
32785
17810
10220
6453
32782
17829
10241
6420
32781
17809
10223
6449
32778
17803
10224
6458
32798
17790
10201
6459
32825
17792
10197
6457
32781
17739
10150
6411
32785
17706
10111
6368
32832
17682
10076
6322
32778
17645
10038
6270
32778
17627
10015
6234
32792
17621
10000
6205
32780
17616
9990
6185
32779
17611
9979
6158
32768
17590
9966
6139
32798
17593
9967
6126
32789
17602
9961
6117
32789
17592
9958
6105
32778
17585
9947
6089
32787
17536
9887
6028
32777
17487
9833
5952
32778
17470
9815
5914
32800
17471
9814
5898
32789
17500
9840
5913
32789
17505
9840
5913
32776
17520
9859
5929
32784
17548
9896
5968
32792
17582
9936
6016
32793
17618
9973
6067
32775
17646
10013
6122
32780
17667
10033
6161
32787
17672
10051
6187
32788
17679
10064
6209
32787
17692
10090
6240
32788
17695
10084
6259
32785
17699
10090
6275
32788
17705
10092
6285
32777
17704
10102
6297
32789
17709
10104
6308
32793
17771
10167
6386
32792
17815
10215
6443
32784
17827
10241
6417
32789
17822
10235
6453
32788
17803
10218
6455
32774
17797
10210
6461
32785
17777
10196
6457
32793
17748
10156
6411
32793
17714
10119
6370
32786
17683
10079
6323
32786
17648
10037
6269
32788
17637
10017
6235
32780
17631
10012
6220
32788
17627
9992
6180
32782
17604
9983
6162
32797
17600
9966
6137
32797
17604
9965
6124
32784
17594
9961
6116
32782
17589
9959
6104
32786
17590
9951
6100
32789
17537
9899
6028
32788
17495
9850
5964
32784
17462
9807
5908
32779
17479
9821
5910
32786
17490
9828
5906
32783
17499
9841
5916
32788
17512
9856
5923
32794
17561
9902
5972
32781
17590
9941
6018
32789
17621
9982
6073
32788
17650
10019
6128
32783
17666
10039
6163
32785
17669
10047
6187
32768
17671
10057
6209
32792
17683
10075
6236
32787
17697
10085
6259
32777
17700
10094
6277
32778
17699
10091
6284
32782
17705
10104
6301
32787
17713
10105
6321
32788
17762
10162
6375
32796
17810
10216
6444
32784
17828
10241
6415
32784
17806
10221
6445
32775
17797
10212
6461
32768
17776
10200
6452
32768
17768
10192
6455
32787
17741
10154
6412
32768
17693
10110
6367
32778
17666
10066
6318
32784
17634
10030
6265
32781
17625
10010
6239
32780
17618
10003
6207
32776
17612
9993
6183
32782
17605
9978
6161
32781
17600
9972
6142
32773
17592
9962
6124
32778
17590
9963
6119
32783
17586
9955
6103
32768
17578
9950
6093
32780
17530
9896
6031
32779
17480
9833
5952
32780
17464
9814
5915
32790
17473
9813
5901
32774
17490
9831
5909
32779
17497
9840
5911
32794
17516
9854
5926
32784
17552
9896
5968
32779
17575
9933
6013
32784
17613
9970
6065
32776
17647
10012
6120
32773
17658
10036
6160
32770
17664
10044
6186
32776
17675
10060
6209
32783
17687
10078
6241
32776
17689
10081
6255
32785
17695
10097
6276
32775
17699
10094
6286
32776
17702
10101
6300
32778
17701
10101
6307
32775
17754
10158
6374
32780
17809
10217
6449
32773
17822
10245
6415
32813
17752
10166
6381
32781
17770
10173
6402
32777
17766
10180
6418
32781
17776
10186
6435
32780
17773
10182
6436
32777
17734
10147
6403
32777
17696
10098
6355
32775
17674
10071
6310
32772
17637
10032
6268
32777
17619
10006
6227
32768
17612
9997
6200
32791
17618
9993
6175
32776
17599
9975
6157
32778
17605
9968
6137
32777
17581
9959
6120
32775
17590
9963
6115
32776
17581
9955
6101
32787
17581
9950
6090
32786
17532
9895
6026
32794
17493
9844
5963
32782
17462
9807
5909
32779
17477
9819
5906
32788
17487
9834
5906
32781
17501
9848
5914
32781
17516
9853
5932
32777
17545
9894
5968
32784
17579
9931
6012
32780
17618
9979
6071
32772
17642
10022
6122
32781
17658
10043
6158
32787
17670
10041
6192
32782
17682
10061
6212
32773
17687
10075
6240
32778
17691
10085
6259
32779
17697
10093
6276
32768
17698
10094
6287
32785
17705
10100
6301
32780
17703
10103
6309
32791
17761
10158
6373
32782
17798
10211
6442
32778
17833
10241
6419
32784
17813
10228
6443
32778
17804
10219
6463
32775
17785
10205
6468
32782
17784
10204
6468
32768
17732
10153
6416
32788
17702
10106
6370
32784
17670
10069
6317
32782
17635
10036
6268
32781
17622
10012
6233
32785
17628
10002
6206
32789
17617
10000
6184
32789
17607
9981
6167
32788
17607
9966
6147
32783
17603
9957
6123
32790
17590
9962
6119
32768
17582
9954
6101
32786
17581
9946
6089
32783
17537
9895
6030
32784
17481
9830
5953
32783
17466
9806
5910
32804
17481
9817
5903
32787
17492
9827
5906
32783
17503
9843
5917
32790
17509
9848
5919
32788
17557
9896
5965
32791
17583
9932
6007
32793
17620
9977
6067
32787
17644
10016
6115
32800
17662
10041
6159
32798
17676
10052
6189
32805
17683
10063
6209
32790
17699
10074
6233
32787
17696
10082
6259
32793
17703
10095
6277
32799
17706
10098
6291
32785
17709
10101
6300
32786
17713
10108
6311
32783
17758
10164
6372
32775
17806
10211
6444
32787
17826
10235
6487
32792
17824
10239
6507
32780
17808
10222
6498
32782
17790
10219
6493
32770
17773
10196
6476
32788
17747
10155
6435
32785
17702
10110
6380
32789
17668
10070
6330
32789
17643
10038
6280
32780
17631
10017
6242
32792
17625
10005
6215
32789
17618
9993
6188
32783
17606
9981
6166
32818
17609
9972
6145
32768
17590
9966
6127
32789
17589
9957
6114
32783
17596
9954
6104
32788
17592
9953
6094
32780
17541
9905
6038
32783
17485
9840
5961
32786
17466
9810
5914
32789
17474
9812
5905
32788
17491
9837
5906
32774
17497
9838
5913
32790
17518
9854
5924
32785
17551
9895
5969
32794
17590
9936
6015
32790
17612
9968
6058
32781
17640
10006
6115
32779
17669
10034
6159
32768
17657
10044
6181
32782
17679
10060
6207
32777
17682
10074
6234
32779
17696
10086
6262
32777
17693
10091
6278
32784
17696
10096
6283
32779
17698
10092
6308
32780
17711
10097
6300
32782
17753
10154
6367
32780
17796
10198
6433
32780
17824
10242
6419
32770
17807
10221
6444
32772
17794
10209
6455
32804
17791
10206
6457
32779
17786
10208
6458
32785
17749
10158
6415
32786
17709
10114
6367
32774
17673
10076
6323
32778
17653
10040
6274
32775
17621
10017
6242
32775
17617
10004
6208
32780
17609
9990
6181
32780
17603
9976
6161
32780
17590
9967
6136
32779
17588
9962
6123
32781
17597
9959
6112
32769
17584
9956
6104
32773
17576
9952
6094
32776
17530
9899
6035
32789
17485
9844
5960
32768
17453
9809
5910
32797
17474
9817
5901
32776
17484
9824
5900
32789
17499
9845
5914
32790
17511
9850
5923
32768
17542
9887
5965
32786
17574
9928
6009
32781
17607
9965
6058
32787
17643
10013
6114
32773
17657
10030
6157
32783
17670
10045
6184
32792
17680
10060
6210
32773
17683
10069
6235
32776
17688
10076
6255
32779
17699
10087
6271
32785
17700
10096
6284
32777
17702
10096
6294
32768
17701
10103
6308
32784
17744
10149
6365
32782
17804
10210
6442
32774
17816
10232
6479
32777
17816
10232
6501
32776
17797
10222
6491
32780
17785
10210
6485
32768
17770
10192
6475
32779
17736
10154
6430
32768
17698
10110
6383
32788
17673
10072
6330
32775
17639
10034
6277
32768
17619
10010
6239
32785
17616
9997
6209
32768
17607
9993
6184
32781
17596
9973
6163
32781
17592
9963
6139
32782
17593
9965
6127
32784
17591
9960
6114
32779
17583
9956
6103
32783
17585
9950
6094
32781
17547
9906
6043
32779
17482
9835
5957
32777
17471
9814
5917
32782
17468
9818
5899
32776
17492
9829
5909
32775
17492
9836
5908
32775
17507
9849
5926
32782
17545
9890
5963
32787
17584
9933
6012
32775
17604
9962
6056
32782
17639
10005
6113
32780
17656
10031
6152
32778
17666
10047
6183
32783
17671
10057
6206
32784
17680
10067
6232
32768
17691
10091
6263
32779
17697
10087
6272
32779
17703
10093
6282
32784
17700
10095
6297
32788
17703
10104
6305
32779
17750
10154
6367
32790
17803
10205
6441
32786
17830
10238
6489
32786
17814
10238
6501
32771
17799
10226
6496
32792
17794
10210
6491
32782
17780
10199
6480
32786
17743
10156
6434
32791
17707
10111
6384
32787
17678
10074
6332
32830
17654
10038
6278
32784
17636
10017
6248
32794
17628
10005
6210
32791
17619
9993
6190
32785
17615
9983
6172
32781
17598
9970
6140
32782
17595
9968
6129
32788
17595
9966
6117
32781
17596
9959
6107
32783
17587
9951
6096
32785
17539
9905
6042
32786
17494
9848
5972
32787
17467
9813
5914
32793
17480
9820
5908
32782
17481
9822
5904
32778
17498
9841
5914
32796
17513
9850
